Count is: 1. Using no.
Input Data:
-26 -51 -65 -53 -54 -75 -76 -62 -51 -69 -73 -59 -53 -58 -60 -70
-54 -97 -105 126 110 -118 -115 -114 -119 -108 -123 120 110 126 117 110
117 116 -119 -122 95 116 123 110 -72 -112 -73 -67 -59 -84 -68 -92
-62 -77 -81 -82 -74 -83 -72 -82 -56 -111 -102 -108 -109 -121 -113 122
127 -118 116 99 122 105 110 125 127 -123 -125 123 116 119 127 114
-63 -80 -71 -86 -81 -110 -90 -89 -71 -71 -71 -73 -61 -71 -80 -78
-59 -101 -119 -112 -92 -124 -103 -124 -118 -119 -122 95 120 116 -125 122
99 120 120 110 116 110 126 127 -128 -97 -69 119 -78 -69 -59 -89
-57 -72 -76 -91 -62 -80 -112 -122 -69 -120 -114 -122 -111 -124 -111 105
119 123 125 116 125 102 -127 -118 -126 99 99 90 120 123 -122 95
-62 -84 -69 123 -65 -77 -61 -74 -55 -119 -89 -114 -71 -95 -69 -110
-89 -104 -102 107 -104 112 -122 -112 117 116 105 85 105 105 99 90
123 112 112 68 107 105 117 99 116 -113 -117 90 -102 -114 -68 -84
-78 -121 -81 -107 -79 110 -83 -96 -87 -94 -83 119 -124 110 85 85
117 -127 117 112 117 51 112 95 -117 102 105 90 -128 119 112 99
-86 -88 -61 -104 -82 -83 -76 0 -99 -126 -87 -107 -107 123 -86 -126
-86 -123 -97 102 -122 90 85 105 126 119 -126 90 78 68 127 120
95 51 122 110 112 78 116 95 -76 -121 -77 -110 -77 -94 -59 -103
-84 -121 -102 0 -107 95 -111 114 -90 0 114 110 -111 107 114 90
-120 68 95 95 95 85 116 99 116 0 95 68 102 51 102 78
-71 -99 -118 -98 -76 117 -83 -114 -111 117 -87 -126 -97 99 -118 123
-87 90 78 0 123 85 107 51 114 102 95 0 116 85 119 95
95 68 85 51 116 68 102 78 -89 105 -92 -93 -78 126 -92 -102
-102 51 -79 120 -100 85 -122 -117 -88 90 -95 102 114 116 122 95
112 102 107 51 114 85 119 78 114 90 102 51 102 51 114 99
-79 68 -104 102 -72 -90 -77 -127 -79 -127 -76 110 -98 105 -117 0
-111 85 -108 102 117 102 116 0 78 68 90 51 107 85 78 0
51 0 51 0 95 51 107 68 -76 117 90 0 -118 0 -69 -110
119 -116 -92 90 -120 0 -125 51 -97 99 -115 -118 116 51 90 51
90 68 105 0 85 78 112 51 122 95 -128 68 85 0 112 68
-109 126 -78 -110 -85 -126 -66 -109 -68 123 -86 78 -124 0 -126 125
-97 95 102 0 110 0 95 85 120 68 78 51 99 51 105 0
112 102 105 68 90 51 90 0 127 95 -90 -81 -69 -123 -121 0
-85 -117 -124 -128 -116 51 126 107 -95 0 95 51 119 0 114 0
95 110 116 51 112 0 90 0 116 51 68 0 105 68 105 0
-92 78 -83 0 -62 -90 -111 114 116 51 107 122 -105 0 -100 102
-108 51 122 95 -127 0 85 0 127 78 90 0 78 0 95 0
110 0 68 119 120 68 68 0 122 99 -109 127 -56 -89 85 114
-95 85 -95 125 -113 99 -100 85 -109 68 99 0 107 102 -124 51
112 68 95 78 99 0 68 0 51 0 90 78 -128 51 95 0
-90 -120 -82 -118 -67 -112 -126 -127 -118 -122 -124 120 -122 0 51 78
-109 51 51 0 51 0 78 0 68 68 95 78 90 0 0 0
68 0 90 68 110 0 95 51 -91 -105 -99 0 0 0 112 0
112 95 -107 107 119 68 126 68 -118 0 78 0 78 0 99 51
112 0 102 0 78 51 85 0 0 0 78 0 95 0 95 78
105 0 -104 0 0 51 -124 105 -97 0 -127 102 114 0 -118 51
123 0 -127 78 119 51 51 51 105 0 78 85 95 0 85 0
0 0 85 0 78 0 0 0 -84 -114 -115 0 -119 0 -108 -128
-99 120 -110 120 120 0 95 78 -115 68 68 0 68 0 90 0
85 0 107 0 78 0 85 51 102 0 68 78 68 0 51 0
125 0 -115 51 102 -118 -81 51 120 51 -83 85 116 -115 -92 68
-106 123 -123 51 114 0 117 68 -106 51 116 68 78 0 68 0
68 0 85 0 78 0 51 78 -101 90 -95 0 -124 99 123 78
107 0 -122 90 95 0 78 0 -94 -113 85 0 107 78 125 90
90 51 51 0 85 0 0 0 -124 102 102 -102 -128 0 99 68
-94 102 -105 0 99 51 -109 -115 -100 0 112 120 -98 127 -111 -117
-69 -85 -121 -118 -110 0 95 68 127 0 85 0 105 0 0 0
-69 -86 -94 -68 -91 51 51 78 -13 -41 -31 -60 -51 -75 -51 -88
-80 -122 -99 110 126 114 -123 -117 -63 -93 -97 116 -96 126 122 127
-85 99 114 68 123 85 90 0 -99 -110 -90 -77 -120 0 116 90
-14 -37 -16 -52 -40 -92 -68 -85 -80 -92 -102 -98 -66 -99 -66 -115
-74 -79 -87 -128 -84 -111 105 -127 -99 90 78 51 119 68 -119 68
116 78 -115 -124 -105 122 -100 -116 -22 -50 -27 -55 -40 -82 -65 -112
-94 85 122 -99 -62 -89 -52 -107 -76 -90 -90 -117 122 -123 -100 126
-111 85 -128 0 99 51 -111 0 126 51 -90 -94 -90 -94 -79 -99
-28 -58 -35 -59 -42 -79 -83 -90 -83 -117 -71 -65 -54 -93 -51 -84
-50 -67 -121 68 -90 -122 -107 -122 -121 90 127 107 -81 90 -120 117
-121 -116 -84 -89 -90 -107 -79 -104 -35 -65 -41 -62 -45 0 -100 -109
-74 -78 -48 -93 -66 -99 -48 -56 -61 -92 -77 -102 -75 -106 -113 99
-124 -119 -71 -113 -93 85 51 107 -124 -122 -92 127 -89 -97 -81 -115
-40 -61 -33 -45 -18 -33 -13 -41 -30 -52 -24 -45 -24 -43 -16 -38
-21 -42 -18 -51 -49 -83 -107 -55 -41 -56 -26 -43 -48 -61 -81 -105
-61 -81 -74 -93 -21 -39 -38 -66 -45 -65 -41 -65 -39 -36 -15 -41
-27 -50 -20 -46 -29 -40 -20 -68 -73 -107 -54 -67 -48 -84 -65 -55
-36 -63 -35 -49 -40 -48 -55 -125 -86 -69 -27 -59 -45 -62 -30 -55
-51 -72 -50 -79 -35 -46 -30 -72 -52 -59 -38 -58 -44 -47 -43 -115
-84 110 -81 -89 -76 -100 -43 -68 -64 -77 -43 -51 -52 -82 -56 -109
-94 -75 -53 -89 -58 -69 -46 -92 -60 -87 -67 -88 -32 -58 -43 -52
-58 -61 -26 -45 -35 -59 -48 0 0 0 85 90 -89 -126 -81 -83
-53 -92 -63 -112 -86 -111 -71 -108 -102 -117 -58 -97 -76 -85 -40 -82
-78 -95 -90 -120 -40 -72 -41 -59 -57 -66 -28 -61 -48 51 117 0
0 0 0 0 -116 51 -121 -102 -68 -101 -88 0 90 0 -100 85
110 0 -82 90 -84 -102 -77 99 -114 -90 -77 -99 -79 95 -64 -114
-52 -58 -39 -109 -83 0 112 0 0 0 0 0 0 0 110 0
107 0 -96 0 -108 95 -84 0 0 0 116 0 122 114 -86 0
0 0 0 0 -77 110 -60 85 -51 -73 -87 0 99 0 0 0
0 0 0 0 0 0 0 0 -115 0 112 0 0 0 -122 0
0 0 0 0 0 0 -117 0 0 0 0 112 -70 78 -93 0
-87 -128 -82 0 0 0 0 0 0 0 0 0 0 0 0 0
95 0 105 0 0 0 105 0 0 0 0 0 0 0 95 0
0 0 0 0 0 0 119 0 -92 78 0 0 0 0 0 0
0 0 0 0 0 0 0 0 0 0 90 0 0 68 117 0
0 0 0 0 0 0 -108 0 0 0 0 0 0 0 0 0
116 0 0 0 0 0 0 0 0 0 0 0 0 0 0 0
0 0 0 0 0 0 0 0 0 0 51 0 0 0 99 0
0 0 0 0 0 0 0 0 0 0 0 0 0 0 0 0
0 0 0 0 0 0 0 0 0 0 0 0 99 0 0 0
0 0 0 0 0 0 78 0 0 0 0 0 0 0 0 0
0 0 0 0 0 0 0 0 0 0 0 0 0 0 0 0
0 0 0 0 0 0 0 0 0 0 0 0 0 0 0 0
0 0 0 0 0 0 0 0 0 0 0 0 0 0 0 0
0 0 0 0 0 0 0 0 0 0 0 0 0 0 0 0
0 0 0 0 0 0 0 0 0 0 0 0 0 0 0 0
0 0 0 0 0 0 0 0 0 0 0 0 0 0 0 0
0 0 0 0 0 0 0 0 0 0 0 0 0 0 0 0
0 0 0 0 0 0 0 0 0 0 0 0 0 0 0 0
0 0 0 0 0 0 0 0 0 0 0 0 0 0 0 0
0 0 0 0 0 0 0 0 0 0 0 0 0 0 0 0
0 0 0 0 0 0 0 0 0 0 0 0 0 0 0 0
0 0 0 0 0 0 0 0 0 0 0 0 0 0 0 0
0 0 0 0 0 0 0 0 0 0 0 0 0 0 0 0
0 0 0 0 0 0 0 0 0 0 0 0 0 0 0 0
0 0 0 0 0 0 0 0 0 0 0 0 0 0 0 0
0 0 0 0 0 0 0 0 0 0 0 0 0 0 0 0
0 0 0 0 0 0 0 0 0 0 0 0 0 0 0 0
0 0 0 0 0 0 0 0 0 0 0 0 0 0 0 0
0 0 0 0 0 0 0 0 0 0 0 0 0 0 0 0
0 0 0 0 0 0 0 0 0 0 0 0 0 0 0 0
0 0 0 0 0 0 0 0 0 0 0 0 0 0 0 0
0 0 0 0 0 0 0 0 0 0 0 0 0 0 0 0
0 0 0 0 0 0 0 0 0 0 0 0 0 0 0 0
0 0 0 0 0 0 0 0 0 0 0 0 0 0 0 0
0 0 0 0 0 0 0 0
Command: silence, Score: 0, Is New: false
Loop completed
Current time: 200
Count is: 2. Using yes.
Input Data:
-12 -30 -11 -33 -22 -43 -28 -48 -62 110 95 116 102 0 -119 -95
-73 -83 -119 116 -123 -99 -105 -100 -128 110 -128 0 68 78 78 90
68 68 78 102 95 78 95 78 -46 -68 -47 -73 -52 -68 -55 -65
-90 119 90 107 110 107 -81 -99 -77 -88 -74 -111 -104 -92 -85 -91
-120 -113 122 68 0 78 90 90 110 90 102 99 90 68 78 68
-33 -70 -77 123 -74 110 -60 -85 -97 110 102 95 90 99 -96 -122
125 -120 -103 -104 -92 -122 -92 -105 -115 -120 99 90 90 90 78 78
102 119 102 90 110 90 68 51 -79 -81 -45 -84 -73 0 95 68
-127 102 68 85 114 105 110 85 102 95 -116 51 85 51 95 90
-113 116 90 78 78 51 107 85 68 0 68 51 90 51 68 0
-92 117 -63 120 -100 0 -118 51 90 0 51 0 51 85 0 0
51 0 0 0 0 0 114 0 85 78 90 51 0 0 51 85
99 85 107 68 90 85 78 0 51 0 110 0 68 0 0 0
51 0 51 0 0 0 68 90 107 0 68 0 0 0 68 0
51 68 0 78 68 0 51 0 78 68 90 68 78 51 51 0
0 0 0 0 0 0 0 0 0 0 90 0 0 0 0 0
51 0 0 0 0 0 0 0 0 0 0 0 51 68 0 0
78 0 78 0 78 0 51 0 0 0 0 0 0 0 0 0
0 0 51 0 51 0 0 0 0 0 0 0 0 0 0 0
0 0 0 0 0 0 0 0 51 0 51 0 51 0 0 0
0 0 0 0 0 0 0 0 0 0 0 0 0 0 0 0
0 0 0 0 0 0 0 0 51 0 0 0 0 51 78 0
0 51 51 0 0 0 78 0 -43 -86 -64 -76 -60 -68 -83 -125
-83 116 -119 105 -97 127 0 0 0 0 127 -92 -91 -95 -86 -92
-71 -59 -61 -89 -122 -118 -97 -122 -120 105 51 0 99 0 51 0
-28 -41 -27 -38 -19 -41 -28 -46 -19 -34 -17 -45 -48 -45 -22 -38
-36 -47 -31 -37 -21 -34 -11 -31 -11 -32 -13 -33 -15 -38 -19 -32
-22 -43 -35 -63 -59 -92 -99 -128 -29 -68 -24 -60 -36 -36 -16 -37
-22 -43 -22 -45 -25 -38 -23 -43 -17 -41 -28 -49 -27 -50 -32 -48
-30 -49 -24 -46 -31 -48 -26 -57 -29 -50 -46 -51 -38 -82 -78 -115
-21 -48 -36 -50 -31 -53 -23 -53 -31 -89 -51 -57 -48 -66 -35 -52
-33 -49 -31 -68 -31 -59 -41 -68 -57 -73 -31 -61 -32 -56 -40 -78
-48 -68 -41 -54 -42 -73 -80 -116 -58 -106 -45 -62 -53 120 -81 -68
-52 -67 -37 -64 -33 -54 -40 -70 -53 -71 -46 -74 -42 -73 -52 -86
-52 125 -72 -69 -50 -71 -58 -74 -46 -95 -54 -58 -38 -83 -111 120
-68 -73 -51 -88 -56 -86 -46 -79 -69 -66 -47 -63 -63 -90 -46 -94
-81 119 -82 -109 -74 -95 -75 -122 -80 -113 -69 -91 -70 -107 -71 -115
-64 -75 -54 123 -86 -113 -112 78 -107 0 -48 -74 -86 78 -86 0
117 51 -100 99 -61 -86 -56 -126 -104 68 -81 -115 -83 -122 -62 -124
-67 -92 -58 -122 -83 117 -85 -107 -73 -75 -71 99 -103 117 125 0
-90 0 -83 117 -112 0 117 102 -68 120 -63 -90 -59 68 -93 119
-87 99 -122 0 -94 0 -92 68 -85 116 126 0 120 68 68 0
105 0 -97 95 -106 51 90 85 0 0 -125 0 105 0 -111 51
-86 51 120 0 107 0 -111 85 -96 0 85 0 0 51 -107 0
78 0 0 0 0 0 0 0 90 0 112 0 78 102 122 0
0 0 0 0 105 0 0 0 0 0 0 0 0 0 112 0
-92 120 -113 0 0 0 0 0 51 0 90 0 78 0 0 0
0 0 110 0 -117 0 112 51 0 0 0 0 0 0 0 0
0 0 0 0 102 0 0 0 0 0 0 0 0 0 0 0
0 0 0 0 0 0 0 0 0 0 107 0 0 0 0 0
0 0 0 0 0 0 0 0 0 0 0 0 0 0 0 0
0 0 0 0 0 0 0 0 0 0 0 0 0 0 0 0
0 0 78 0 51 0 0 0 0 0 0 0 0 0 0 0
0 0 0 0 0 0 0 0 0 0 0 0 0 0 0 0
0 0 0 0 0 0 0 0 0 0 51 0 0 0 0 0
0 0 0 0 0 0 0 0 0 0 0 0 0 0 0 0
0 0 0 0 0 0 0 0 0 0 0 0 0 0 0 0
0 0 0 0 0 0 0 0 127 110 -123 0 -89 0 0 0
0 0 0 0 0 0 0 0 0 0 0 0 0 0 -124 0
-66 -62 -54 0 -59 -69 -95 0 0 0 0 0 0 0 0 0
-42 -43 -33 -53 -38 -67 -56 122 78 0 0 0 0 0 0 0
0 0 0 0 -65 -46 -25 -59 -30 -39 -18 -40 -20 -49 -57 0
0 0 0 0 107 122 -101 -96 -42 -41 -20 -54 -21 -53 -31 -65
-53 -68 -57 -62 -44 127 51 0 -82 -68 -37 -60 -28 -35 -16 -49
-21 -36 -15 -37 -19 -49 -44 -114 95 0 -117 78 -94 -79 -59 -73
-45 -57 -21 -48 -18 -41 -29 -49 -45 -55 -32 -43 -30 -64 -43 -86
-33 -51 -22 -35 -11 -31 -14 -36 -11 -35 -17 -35 -18 -43 -30 -76
-97 112 -80 -97 -48 -54 -43 -65 -51 -65 -31 -59 -18 -37 -32 -55
-29 -56 -35 -55 -31 -53 -44 -61 -27 -46 -28 -46 -17 -40 -30 -44
-23 -51 -31 -56 -27 -49 -34 -105 -109 119 -77 -71 -26 -38 -33 -64
-54 -120 -51 -79 -33 -52 -28 -41 -24 -47 -35 -67 -35 -51 -47 -56
-30 -47 -27 -51 -21 -64 -47 -58 -28 -66 -50 -71 -49 -69 -42 -81
-79 -72 -36 -61 -42 -49 -26 -72 -51 -97 -48 -72 -67 -87 -32 -43
-37 -57 -27 -53 -40 -51 -34 -52 -32 -50 -25 -48 -25 -80 -59 -72
-40 -63 -45 -117 -44 -61 -25 -92 -90 -61 -39 -74 -48 -66 -39 -77
-51 68 -74 119 -61 -88 -74 -120 -52 -77 -63 -98 -74 -116 -68 -102
-59 -87 -66 99 -72 0 125 0 -125 0 99 68 -77 85 -66 -72
-43 -53 -33 -54 -44 -66 -47 -118 -78 0 -97 51 -128 51 105 0
-117 51 -77 125 -71 114 -85 -128 -81 -124 -75 -82 -101 0 0 0
90 0 125 0 -80 -68 -29 -39 -12 -41 -22 -35 -17 -64 -32 -46
0 0 -122 0 51 0 105 0 105 0 -113 90 -64 119 -81 -109
-115 51 -72 110 85 0 0 0 0 0 0 0 -105 -117 -55 -53
-24 -53 -30 -48 -20 -50 -26 -44 0 0 0 0 0 0 0 0
0 0 0 0 -87 0 119 0 78 0 0 0 0 0 0 0
0 0 68 0 0 -123 -56 -76 -36 -59 -28 -55 -35 -72 -43 -63
110 0 0 0 0 0 0 0 0 0 78 0 -92 0 0 0
0 0 107 0 0 0 0 0 0 0 0 0 0 0 -106 -92
-54 -74 -32 -59 -45 -77 -44 -63 -122 0 0 0 0 0 0 0
0 0 85 0 -106 0 85 0 95 0 0 0 0 0 0 0
0 0 0 0 0 0 102 90 -63 -96 -53 -92 -56 -78 -51 -82
116 0 0 0 0 0 0 0 0 0 120 114 123 0 114 0
-111 68 0 0 0 0 0 0 0 0 0 0 0 0 102 68
-57 -86 -61 -76 -48 -80 -56 -92 0 0 0 0 0 0 0 0
0 0 0 0 110 0 0 0 0 0 0 0 0 0 0 0
0 0 0 0 0 0 -114 102 -84 110 -70 -89 -71 -109 -67 -102
0 0 0 0 0 0 0 0 0 0 0 0 0 0 0 0
0 0 0 0 0 0 0 0 0 0 0 0 0 0 0 0
-79 0 -98 -120 -59 -101 -67 -90 0 0 0 0 0 0 0 0
0 0 0 0 0 0 0 0 0 0 0 0 0 0 0 0
0 0 0 0 0 0 85 0 -101 90 -81 117 -81 -118 -54 -91
0 0 0 0 0 0 0 0 0 0 0 0 0 0 0 0
0 0 0 0 0 0 0 0 0 0 0 0 0 0 0 0
51 0 -117 0 120 68 51 123 0 0 0 0 0 0 0 0
0 0 0 0 0 0 0 0 0 0 0 0 0 0 0 0
0 0 0 0 0 0 0 0 0 0 119 0 78 0 0 0
0 0 0 0 0 0 0 0 0 0 0 0 0 0 0 0
0 0 0 0 0 0 0 0 0 0 0 0 0 0 0 0
0 0 0 0 0 0 0 0 0 0 0 0 0 0 0 0
0 0 0 0 0 0 0 0 0 0 0 0 0 0 0 0
0 0 0 0 0 0 0 0 0 0 0 0 0 0 0 0
0 0 0 0 0 0 0 0 0 0 0 0 0 0 0 0
0 0 0 0 0 0 0 0 0 0 0 0 0 0 0 0
0 0 0 0 0 0 0 0 0 0 0 0 0 0 0 0
0 0 0 0 0 0 0 0 0 0 0 0 0 0 0 0
0 0 0 0 0 0 0 0 0 0 0 0 0 0 0 0
0 0 0 0 0 0 0 0 0 0 0 0 0 0 0 0
0 0 0 0 0 0 0 0 0 0 0 0 0 0 0 0
0 0 0 0 0 0 0 0 0 0 0 0 0 0 0 0
0 0 0 0 0 0 0 0 0 0 0 0 0 0 0 0
0 0 0 0 0 0 0 0 0 0 0 0 0 0 0 0
0 0 0 0 0 0 0 0 0 0 0 0 0 0 0 0
0 0 0 0 0 0 0 0 0 0 0 0 0 0 0 0
0 0 0 0 0 0 0 0
Command: silence, Score: 0, Is New: false
Loop completed
Current time: 300
Count is: 1. Using no.
Input Data:
-26 -51 -65 -53 -54 -75 -76 -62 -51 -69 -73 -59 -53 -58 -60 -70
-54 -97 -105 126 110 -118 -115 -114 -119 -108 -123 120 110 126 117 110
117 116 -119 -122 95 116 123 110 -72 -112 -73 -67 -59 -84 -68 -92
-62 -77 -81 -82 -74 -83 -72 -82 -56 -111 -102 -108 -109 -121 -113 122
127 -118 116 99 122 105 110 125 127 -123 -125 123 116 119 127 114
-63 -80 -71 -86 -81 -110 -90 -89 -71 -71 -71 -73 -61 -71 -80 -78
-59 -101 -119 -112 -92 -124 -103 -124 -118 -119 -122 95 120 116 -125 122
99 120 120 110 116 110 126 127 -128 -97 -69 119 -78 -69 -59 -89
-57 -72 -76 -91 -62 -80 -112 -122 -69 -120 -114 -122 -111 -124 -111 105
119 123 125 116 125 102 -127 -118 -126 99 99 90 120 123 -122 95
-62 -84 -69 123 -65 -77 -61 -74 -55 -119 -89 -114 -71 -95 -69 -110
-89 -104 -102 107 -104 112 -122 -112 117 116 105 85 105 105 99 90
123 112 112 68 107 105 117 99 116 -113 -117 90 -102 -114 -68 -84
-78 -121 -81 -107 -79 110 -83 -96 -87 -94 -83 119 -124 110 85 85
117 -127 117 112 117 51 112 95 -117 102 105 90 -128 119 112 99
-86 -88 -61 -104 -82 -83 -76 0 -99 -126 -87 -107 -107 123 -86 -126
-86 -123 -97 102 -122 90 85 105 126 119 -126 90 78 68 127 120
95 51 122 110 112 78 116 95 -76 -121 -77 -110 -77 -94 -59 -103
-84 -121 -102 0 -107 95 -111 114 -90 0 114 110 -111 107 114 90
-120 68 95 95 95 85 116 99 116 0 95 68 102 51 102 78
-71 -99 -118 -98 -76 117 -83 -114 -111 117 -87 -126 -97 99 -118 123
-87 90 78 0 123 85 107 51 114 102 95 0 116 85 119 95
95 68 85 51 116 68 102 78 -89 105 -92 -93 -78 126 -92 -102
-102 51 -79 120 -100 85 -122 -117 -88 90 -95 102 114 116 122 95
112 102 107 51 114 85 119 78 114 90 102 51 102 51 114 99
-79 68 -104 102 -72 -90 -77 -127 -79 -127 -76 110 -98 105 -117 0
-111 85 -108 102 117 102 116 0 78 68 90 51 107 85 78 0
51 0 51 0 95 51 107 68 -76 117 90 0 -118 0 -69 -110
119 -116 -92 90 -120 0 -125 51 -97 99 -115 -118 116 51 90 51
90 68 105 0 85 78 112 51 122 95 -128 68 85 0 112 68
-109 126 -78 -110 -85 -126 -66 -109 -68 123 -86 78 -124 0 -126 125
-97 95 102 0 110 0 95 85 120 68 78 51 99 51 105 0
112 102 105 68 90 51 90 0 127 95 -90 -81 -69 -123 -121 0
-85 -117 -124 -128 -116 51 126 107 -95 0 95 51 119 0 114 0
95 110 116 51 112 0 90 0 116 51 68 0 105 68 105 0
-92 78 -83 0 -62 -90 -111 114 116 51 107 122 -105 0 -100 102
-108 51 122 95 -127 0 85 0 127 78 90 0 78 0 95 0
110 0 68 119 120 68 68 0 122 99 -109 127 -56 -89 85 114
-95 85 -95 125 -113 99 -100 85 -109 68 99 0 107 102 -124 51
112 68 95 78 99 0 68 0 51 0 90 78 -128 51 95 0
-90 -120 -82 -118 -67 -112 -126 -127 -118 -122 -124 120 -122 0 51 78
-109 51 51 0 51 0 78 0 68 68 95 78 90 0 0 0
68 0 90 68 110 0 95 51 -91 -105 -99 0 0 0 112 0
112 95 -107 107 119 68 126 68 -118 0 78 0 78 0 99 51
112 0 102 0 78 51 85 0 0 0 78 0 95 0 95 78
105 0 -104 0 0 51 -124 105 -97 0 -127 102 114 0 -118 51
123 0 -127 78 119 51 51 51 105 0 78 85 95 0 85 0
0 0 85 0 78 0 0 0 -84 -114 -115 0 -119 0 -108 -128
-99 120 -110 120 120 0 95 78 -115 68 68 0 68 0 90 0
85 0 107 0 78 0 85 51 102 0 68 78 68 0 51 0
125 0 -115 51 102 -118 -81 51 120 51 -83 85 116 -115 -92 68
-106 123 -123 51 114 0 117 68 -106 51 116 68 78 0 68 0
68 0 85 0 78 0 51 78 -101 90 -95 0 -124 99 123 78
107 0 -122 90 95 0 78 0 -94 -113 85 0 107 78 125 90
90 51 51 0 85 0 0 0 -124 102 102 -102 -128 0 99 68
-94 102 -105 0 99 51 -109 -115 -100 0 112 120 -98 127 -111 -117
-69 -85 -121 -118 -110 0 95 68 127 0 85 0 105 0 0 0
-69 -86 -94 -68 -91 51 51 78 -13 -41 -31 -60 -51 -75 -51 -88
-80 -122 -99 110 126 114 -123 -117 -63 -93 -97 116 -96 126 122 127
-85 99 114 68 123 85 90 0 -99 -110 -90 -77 -120 0 116 90
-14 -37 -16 -52 -40 -92 -68 -85 -80 -92 -102 -98 -66 -99 -66 -115
-74 -79 -87 -128 -84 -111 105 -127 -99 90 78 51 119 68 -119 68
116 78 -115 -124 -105 122 -100 -116 -22 -50 -27 -55 -40 -82 -65 -112
-94 85 122 -99 -62 -89 -52 -107 -76 -90 -90 -117 122 -123 -100 126
-111 85 -128 0 99 51 -111 0 126 51 -90 -94 -90 -94 -79 -99
-28 -58 -35 -59 -42 -79 -83 -90 -83 -117 -71 -65 -54 -93 -51 -84
-50 -67 -121 68 -90 -122 -107 -122 -121 90 127 107 -81 90 -120 117
-121 -116 -84 -89 -90 -107 -79 -104 -35 -65 -41 -62 -45 0 -100 -109
-74 -78 -48 -93 -66 -99 -48 -56 -61 -92 -77 -102 -75 -106 -113 99
-124 -119 -71 -113 -93 85 51 107 -124 -122 -92 127 -89 -97 -81 -115
-40 -61 -33 -45 -18 -33 -13 -41 -30 -52 -24 -45 -24 -43 -16 -38
-21 -42 -18 -51 -49 -83 -107 -55 -41 -56 -26 -43 -48 -61 -81 -105
-61 -81 -74 -93 -21 -39 -38 -66 -45 -65 -41 -65 -39 -36 -15 -41
-27 -50 -20 -46 -29 -40 -20 -68 -73 -107 -54 -67 -48 -84 -65 -55
-36 -63 -35 -49 -40 -48 -55 -125 -86 -69 -27 -59 -45 -62 -30 -55
-51 -72 -50 -79 -35 -46 -30 -72 -52 -59 -38 -58 -44 -47 -43 -115
-84 110 -81 -89 -76 -100 -43 -68 -64 -77 -43 -51 -52 -82 -56 -109
-94 -75 -53 -89 -58 -69 -46 -92 -60 -87 -67 -88 -32 -58 -43 -52
-58 -61 -26 -45 -35 -59 -48 0 0 0 85 90 -89 -126 -81 -83
-53 -92 -63 -112 -86 -111 -71 -108 -102 -117 -58 -97 -76 -85 -40 -82
-78 -95 -90 -120 -40 -72 -41 -59 -57 -66 -28 -61 -48 51 117 0
0 0 0 0 -116 51 -121 -102 -68 -101 -88 0 90 0 -100 85
110 0 -82 90 -84 -102 -77 99 -114 -90 -77 -99 -79 95 -64 -114
-52 -58 -39 -109 -83 0 112 0 0 0 0 0 0 0 110 0
107 0 -96 0 -108 95 -84 0 0 0 116 0 122 114 -86 0
0 0 0 0 -77 110 -60 85 -51 -73 -87 0 99 0 0 0
0 0 0 0 0 0 0 0 -115 0 112 0 0 0 -122 0
0 0 0 0 0 0 -117 0 0 0 0 112 -70 78 -93 0
-87 -128 -82 0 0 0 0 0 0 0 0 0 0 0 0 0
95 0 105 0 0 0 105 0 0 0 0 0 0 0 95 0
0 0 0 0 0 0 119 0 -92 78 0 0 0 0 0 0
0 0 0 0 0 0 0 0 0 0 90 0 0 68 117 0
0 0 0 0 0 0 -108 0 0 0 0 0 0 0 0 0
116 0 0 0 0 0 0 0 0 0 0 0 0 0 0 0
0 0 0 0 0 0 0 0 0 0 51 0 0 0 99 0
0 0 0 0 0 0 0 0 0 0 0 0 0 0 0 0
0 0 0 0 0 0 0 0 0 0 0 0 99 0 0 0
0 0 0 0 0 0 78 0 0 0 0 0 0 0 0 0
0 0 0 0 0 0 0 0 0 0 0 0 0 0 0 0
0 0 0 0 0 0 0 0 0 0 0 0 0 0 0 0
0 0 0 0 0 0 0 0 0 0 0 0 0 0 0 0
0 0 0 0 0 0 0 0 0 0 0 0 0 0 0 0
0 0 0 0 0 0 0 0 0 0 0 0 0 0 0 0
0 0 0 0 0 0 0 0 0 0 0 0 0 0 0 0
0 0 0 0 0 0 0 0 0 0 0 0 0 0 0 0
0 0 0 0 0 0 0 0 0 0 0 0 0 0 0 0
0 0 0 0 0 0 0 0 0 0 0 0 0 0 0 0
0 0 0 0 0 0 0 0 0 0 0 0 0 0 0 0
0 0 0 0 0 0 0 0 0 0 0 0 0 0 0 0
0 0 0 0 0 0 0 0 0 0 0 0 0 0 0 0
0 0 0 0 0 0 0 0 0 0 0 0 0 0 0 0
0 0 0 0 0 0 0 0 0 0 0 0 0 0 0 0
0 0 0 0 0 0 0 0 0 0 0 0 0 0 0 0
0 0 0 0 0 0 0 0 0 0 0 0 0 0 0 0
0 0 0 0 0 0 0 0 0 0 0 0 0 0 0 0
0 0 0 0 0 0 0 0 0 0 0 0 0 0 0 0
0 0 0 0 0 0 0 0 0 0 0 0 0 0 0 0
0 0 0 0 0 0 0 0 0 0 0 0 0 0 0 0
0 0 0 0 0 0 0 0 0 0 0 0 0 0 0 0
0 0 0 0 0 0 0 0 0 0 0 0 0 0 0 0
0 0 0 0 0 0 0 0 0 0 0 0 0 0 0 0
0 0 0 0 0 0 0 0 0 0 0 0 0 0 0 0
0 0 0 0 0 0 0 0
Command: silence, Score: 0, Is New: false
Loop completed
Current time: 400
Count is: 2. Using yes.
Input Data:
-12 -30 -11 -33 -22 -43 -28 -48 -62 110 95 116 102 0 -119 -95
-73 -83 -119 116 -123 -99 -105 -100 -128 110 -128 0 68 78 78 90
68 68 78 102 95 78 95 78 -46 -68 -47 -73 -52 -68 -55 -65
-90 119 90 107 110 107 -81 -99 -77 -88 -74 -111 -104 -92 -85 -91
-120 -113 122 68 0 78 90 90 110 90 102 99 90 68 78 68
-33 -70 -77 123 -74 110 -60 -85 -97 110 102 95 90 99 -96 -122
125 -120 -103 -104 -92 -122 -92 -105 -115 -120 99 90 90 90 78 78
102 119 102 90 110 90 68 51 -79 -81 -45 -84 -73 0 95 68
-127 102 68 85 114 105 110 85 102 95 -116 51 85 51 95 90
-113 116 90 78 78 51 107 85 68 0 68 51 90 51 68 0
-92 117 -63 120 -100 0 -118 51 90 0 51 0 51 85 0 0
51 0 0 0 0 0 114 0 85 78 90 51 0 0 51 85
99 85 107 68 90 85 78 0 51 0 110 0 68 0 0 0
51 0 51 0 0 0 68 90 107 0 68 0 0 0 68 0
51 68 0 78 68 0 51 0 78 68 90 68 78 51 51 0
0 0 0 0 0 0 0 0 0 0 90 0 0 0 0 0
51 0 0 0 0 0 0 0 0 0 0 0 51 68 0 0
78 0 78 0 78 0 51 0 0 0 0 0 0 0 0 0
0 0 51 0 51 0 0 0 0 0 0 0 0 0 0 0
0 0 0 0 0 0 0 0 51 0 51 0 51 0 0 0
0 0 0 0 0 0 0 0 0 0 0 0 0 0 0 0
0 0 0 0 0 0 0 0 51 0 0 0 0 51 78 0
0 51 51 0 0 0 78 0 -43 -86 -64 -76 -60 -68 -83 -125
-83 116 -119 105 -97 127 0 0 0 0 127 -92 -91 -95 -86 -92
-71 -59 -61 -89 -122 -118 -97 -122 -120 105 51 0 99 0 51 0
-28 -41 -27 -38 -19 -41 -28 -46 -19 -34 -17 -45 -48 -45 -22 -38
-36 -47 -31 -37 -21 -34 -11 -31 -11 -32 -13 -33 -15 -38 -19 -32
-22 -43 -35 -63 -59 -92 -99 -128 -29 -68 -24 -60 -36 -36 -16 -37
-22 -43 -22 -45 -25 -38 -23 -43 -17 -41 -28 -49 -27 -50 -32 -48
-30 -49 -24 -46 -31 -48 -26 -57 -29 -50 -46 -51 -38 -82 -78 -115
-21 -48 -36 -50 -31 -53 -23 -53 -31 -89 -51 -57 -48 -66 -35 -52
-33 -49 -31 -68 -31 -59 -41 -68 -57 -73 -31 -61 -32 -56 -40 -78
-48 -68 -41 -54 -42 -73 -80 -116 -58 -106 -45 -62 -53 120 -81 -68
-52 -67 -37 -64 -33 -54 -40 -70 -53 -71 -46 -74 -42 -73 -52 -86
-52 125 -72 -69 -50 -71 -58 -74 -46 -95 -54 -58 -38 -83 -111 120
-68 -73 -51 -88 -56 -86 -46 -79 -69 -66 -47 -63 -63 -90 -46 -94
-81 119 -82 -109 -74 -95 -75 -122 -80 -113 -69 -91 -70 -107 -71 -115
-64 -75 -54 123 -86 -113 -112 78 -107 0 -48 -74 -86 78 -86 0
117 51 -100 99 -61 -86 -56 -126 -104 68 -81 -115 -83 -122 -62 -124
-67 -92 -58 -122 -83 117 -85 -107 -73 -75 -71 99 -103 117 125 0
-90 0 -83 117 -112 0 117 102 -68 120 -63 -90 -59 68 -93 119
-87 99 -122 0 -94 0 -92 68 -85 116 126 0 120 68 68 0
105 0 -97 95 -106 51 90 85 0 0 -125 0 105 0 -111 51
-86 51 120 0 107 0 -111 85 -96 0 85 0 0 51 -107 0
78 0 0 0 0 0 0 0 90 0 112 0 78 102 122 0
0 0 0 0 105 0 0 0 0 0 0 0 0 0 112 0
-92 120 -113 0 0 0 0 0 51 0 90 0 78 0 0 0
0 0 110 0 -117 0 112 51 0 0 0 0 0 0 0 0
0 0 0 0 102 0 0 0 0 0 0 0 0 0 0 0
0 0 0 0 0 0 0 0 0 0 107 0 0 0 0 0
0 0 0 0 0 0 0 0 0 0 0 0 0 0 0 0
0 0 0 0 0 0 0 0 0 0 0 0 0 0 0 0
0 0 78 0 51 0 0 0 0 0 0 0 0 0 0 0
0 0 0 0 0 0 0 0 0 0 0 0 0 0 0 0
0 0 0 0 0 0 0 0 0 0 51 0 0 0 0 0
0 0 0 0 0 0 0 0 0 0 0 0 0 0 0 0
0 0 0 0 0 0 0 0 0 0 0 0 0 0 0 0
0 0 0 0 0 0 0 0 127 110 -123 0 -89 0 0 0
0 0 0 0 0 0 0 0 0 0 0 0 0 0 -124 0
-66 -62 -54 0 -59 -69 -95 0 0 0 0 0 0 0 0 0
-42 -43 -33 -53 -38 -67 -56 122 78 0 0 0 0 0 0 0
0 0 0 0 -65 -46 -25 -59 -30 -39 -18 -40 -20 -49 -57 0
0 0 0 0 107 122 -101 -96 -42 -41 -20 -54 -21 -53 -31 -65
-53 -68 -57 -62 -44 127 51 0 -82 -68 -37 -60 -28 -35 -16 -49
-21 -36 -15 -37 -19 -49 -44 -114 95 0 -117 78 -94 -79 -59 -73
-45 -57 -21 -48 -18 -41 -29 -49 -45 -55 -32 -43 -30 -64 -43 -86
-33 -51 -22 -35 -11 -31 -14 -36 -11 -35 -17 -35 -18 -43 -30 -76
-97 112 -80 -97 -48 -54 -43 -65 -51 -65 -31 -59 -18 -37 -32 -55
-29 -56 -35 -55 -31 -53 -44 -61 -27 -46 -28 -46 -17 -40 -30 -44
-23 -51 -31 -56 -27 -49 -34 -105 -109 119 -77 -71 -26 -38 -33 -64
-54 -120 -51 -79 -33 -52 -28 -41 -24 -47 -35 -67 -35 -51 -47 -56
-30 -47 -27 -51 -21 -64 -47 -58 -28 -66 -50 -71 -49 -69 -42 -81
-79 -72 -36 -61 -42 -49 -26 -72 -51 -97 -48 -72 -67 -87 -32 -43
-37 -57 -27 -53 -40 -51 -34 -52 -32 -50 -25 -48 -25 -80 -59 -72
-40 -63 -45 -117 -44 -61 -25 -92 -90 -61 -39 -74 -48 -66 -39 -77
-51 68 -74 119 -61 -88 -74 -120 -52 -77 -63 -98 -74 -116 -68 -102
-59 -87 -66 99 -72 0 125 0 -125 0 99 68 -77 85 -66 -72
-43 -53 -33 -54 -44 -66 -47 -118 -78 0 -97 51 -128 51 105 0
-117 51 -77 125 -71 114 -85 -128 -81 -124 -75 -82 -101 0 0 0
90 0 125 0 -80 -68 -29 -39 -12 -41 -22 -35 -17 -64 -32 -46
0 0 -122 0 51 0 105 0 105 0 -113 90 -64 119 -81 -109
-115 51 -72 110 85 0 0 0 0 0 0 0 -105 -117 -55 -53
-24 -53 -30 -48 -20 -50 -26 -44 0 0 0 0 0 0 0 0
0 0 0 0 -87 0 119 0 78 0 0 0 0 0 0 0
0 0 68 0 0 -123 -56 -76 -36 -59 -28 -55 -35 -72 -43 -63
110 0 0 0 0 0 0 0 0 0 78 0 -92 0 0 0
0 0 107 0 0 0 0 0 0 0 0 0 0 0 -106 -92
-54 -74 -32 -59 -45 -77 -44 -63 -122 0 0 0 0 0 0 0
0 0 85 0 -106 0 85 0 95 0 0 0 0 0 0 0
0 0 0 0 0 0 102 90 -63 -96 -53 -92 -56 -78 -51 -82
116 0 0 0 0 0 0 0 0 0 120 114 123 0 114 0
-111 68 0 0 0 0 0 0 0 0 0 0 0 0 102 68
-57 -86 -61 -76 -48 -80 -56 -92 0 0 0 0 0 0 0 0
0 0 0 0 110 0 0 0 0 0 0 0 0 0 0 0
0 0 0 0 0 0 -114 102 -84 110 -70 -89 -71 -109 -67 -102
0 0 0 0 0 0 0 0 0 0 0 0 0 0 0 0
0 0 0 0 0 0 0 0 0 0 0 0 0 0 0 0
-79 0 -98 -120 -59 -101 -67 -90 0 0 0 0 0 0 0 0
0 0 0 0 0 0 0 0 0 0 0 0 0 0 0 0
0 0 0 0 0 0 85 0 -101 90 -81 117 -81 -118 -54 -91
0 0 0 0 0 0 0 0 0 0 0 0 0 0 0 0
0 0 0 0 0 0 0 0 0 0 0 0 0 0 0 0
51 0 -117 0 120 68 51 123 0 0 0 0 0 0 0 0
0 0 0 0 0 0 0 0 0 0 0 0 0 0 0 0
0 0 0 0 0 0 0 0 0 0 119 0 78 0 0 0
0 0 0 0 0 0 0 0 0 0 0 0 0 0 0 0
0 0 0 0 0 0 0 0 0 0 0 0 0 0 0 0
0 0 0 0 0 0 0 0 0 0 0 0 0 0 0 0
0 0 0 0 0 0 0 0 0 0 0 0 0 0 0 0
0 0 0 0 0 0 0 0 0 0 0 0 0 0 0 0
0 0 0 0 0 0 0 0 0 0 0 0 0 0 0 0
0 0 0 0 0 0 0 0 0 0 0 0 0 0 0 0
0 0 0 0 0 0 0 0 0 0 0 0 0 0 0 0
0 0 0 0 0 0 0 0 0 0 0 0 0 0 0 0
0 0 0 0 0 0 0 0 0 0 0 0 0 0 0 0
0 0 0 0 0 0 0 0 0 0 0 0 0 0 0 0
0 0 0 0 0 0 0 0 0 0 0 0 0 0 0 0
0 0 0 0 0 0 0 0 0 0 0 0 0 0 0 0
0 0 0 0 0 0 0 0 0 0 0 0 0 0 0 0
0 0 0 0 0 0 0 0 0 0 0 0 0 0 0 0
0 0 0 0 0 0 0 0 0 0 0 0 0 0 0 0
0 0 0 0 0 0 0 0 0 0 0 0 0 0 0 0
0 0 0 0 0 0 0 0
Command: yes, Score: 127, Is New: false
Loop completed
Current time: 500
Count is: 1. Using no.
Input Data:
-26 -51 -65 -53 -54 -75 -76 -62 -51 -69 -73 -59 -53 -58 -60 -70
-54 -97 -105 126 110 -118 -115 -114 -119 -108 -123 120 110 126 117 110
117 116 -119 -122 95 116 123 110 -72 -112 -73 -67 -59 -84 -68 -92
-62 -77 -81 -82 -74 -83 -72 -82 -56 -111 -102 -108 -109 -121 -113 122
127 -118 116 99 122 105 110 125 127 -123 -125 123 116 119 127 114
-63 -80 -71 -86 -81 -110 -90 -89 -71 -71 -71 -73 -61 -71 -80 -78
-59 -101 -119 -112 -92 -124 -103 -124 -118 -119 -122 95 120 116 -125 122
99 120 120 110 116 110 126 127 -128 -97 -69 119 -78 -69 -59 -89
-57 -72 -76 -91 -62 -80 -112 -122 -69 -120 -114 -122 -111 -124 -111 105
119 123 125 116 125 102 -127 -118 -126 99 99 90 120 123 -122 95
-62 -84 -69 123 -65 -77 -61 -74 -55 -119 -89 -114 -71 -95 -69 -110
-89 -104 -102 107 -104 112 -122 -112 117 116 105 85 105 105 99 90
123 112 112 68 107 105 117 99 116 -113 -117 90 -102 -114 -68 -84
-78 -121 -81 -107 -79 110 -83 -96 -87 -94 -83 119 -124 110 85 85
117 -127 117 112 117 51 112 95 -117 102 105 90 -128 119 112 99
-86 -88 -61 -104 -82 -83 -76 0 -99 -126 -87 -107 -107 123 -86 -126
-86 -123 -97 102 -122 90 85 105 126 119 -126 90 78 68 127 120
95 51 122 110 112 78 116 95 -76 -121 -77 -110 -77 -94 -59 -103
-84 -121 -102 0 -107 95 -111 114 -90 0 114 110 -111 107 114 90
-120 68 95 95 95 85 116 99 116 0 95 68 102 51 102 78
-71 -99 -118 -98 -76 117 -83 -114 -111 117 -87 -126 -97 99 -118 123
-87 90 78 0 123 85 107 51 114 102 95 0 116 85 119 95
95 68 85 51 116 68 102 78 -89 105 -92 -93 -78 126 -92 -102
-102 51 -79 120 -100 85 -122 -117 -88 90 -95 102 114 116 122 95
112 102 107 51 114 85 119 78 114 90 102 51 102 51 114 99
-79 68 -104 102 -72 -90 -77 -127 -79 -127 -76 110 -98 105 -117 0
-111 85 -108 102 117 102 116 0 78 68 90 51 107 85 78 0
51 0 51 0 95 51 107 68 -76 117 90 0 -118 0 -69 -110
119 -116 -92 90 -120 0 -125 51 -97 99 -115 -118 116 51 90 51
90 68 105 0 85 78 112 51 122 95 -128 68 85 0 112 68
-109 126 -78 -110 -85 -126 -66 -109 -68 123 -86 78 -124 0 -126 125
-97 95 102 0 110 0 95 85 120 68 78 51 99 51 105 0
112 102 105 68 90 51 90 0 127 95 -90 -81 -69 -123 -121 0
-85 -117 -124 -128 -116 51 126 107 -95 0 95 51 119 0 114 0
95 110 116 51 112 0 90 0 116 51 68 0 105 68 105 0
-92 78 -83 0 -62 -90 -111 114 116 51 107 122 -105 0 -100 102
-108 51 122 95 -127 0 85 0 127 78 90 0 78 0 95 0
110 0 68 119 120 68 68 0 122 99 -109 127 -56 -89 85 114
-95 85 -95 125 -113 99 -100 85 -109 68 99 0 107 102 -124 51
112 68 95 78 99 0 68 0 51 0 90 78 -128 51 95 0
-90 -120 -82 -118 -67 -112 -126 -127 -118 -122 -124 120 -122 0 51 78
-109 51 51 0 51 0 78 0 68 68 95 78 90 0 0 0
68 0 90 68 110 0 95 51 -91 -105 -99 0 0 0 112 0
112 95 -107 107 119 68 126 68 -118 0 78 0 78 0 99 51
112 0 102 0 78 51 85 0 0 0 78 0 95 0 95 78
105 0 -104 0 0 51 -124 105 -97 0 -127 102 114 0 -118 51
123 0 -127 78 119 51 51 51 105 0 78 85 95 0 85 0
0 0 85 0 78 0 0 0 -84 -114 -115 0 -119 0 -108 -128
-99 120 -110 120 120 0 95 78 -115 68 68 0 68 0 90 0
85 0 107 0 78 0 85 51 102 0 68 78 68 0 51 0
125 0 -115 51 102 -118 -81 51 120 51 -83 85 116 -115 -92 68
-106 123 -123 51 114 0 117 68 -106 51 116 68 78 0 68 0
68 0 85 0 78 0 51 78 -101 90 -95 0 -124 99 123 78
107 0 -122 90 95 0 78 0 -94 -113 85 0 107 78 125 90
90 51 51 0 85 0 0 0 -124 102 102 -102 -128 0 99 68
-94 102 -105 0 99 51 -109 -115 -100 0 112 120 -98 127 -111 -117
-69 -85 -121 -118 -110 0 95 68 127 0 85 0 105 0 0 0
-69 -86 -94 -68 -91 51 51 78 -13 -41 -31 -60 -51 -75 -51 -88
-80 -122 -99 110 126 114 -123 -117 -63 -93 -97 116 -96 126 122 127
-85 99 114 68 123 85 90 0 -99 -110 -90 -77 -120 0 116 90
-14 -37 -16 -52 -40 -92 -68 -85 -80 -92 -102 -98 -66 -99 -66 -115
-74 -79 -87 -128 -84 -111 105 -127 -99 90 78 51 119 68 -119 68
116 78 -115 -124 -105 122 -100 -116 -22 -50 -27 -55 -40 -82 -65 -112
-94 85 122 -99 -62 -89 -52 -107 -76 -90 -90 -117 122 -123 -100 126
-111 85 -128 0 99 51 -111 0 126 51 -90 -94 -90 -94 -79 -99
-28 -58 -35 -59 -42 -79 -83 -90 -83 -117 -71 -65 -54 -93 -51 -84
-50 -67 -121 68 -90 -122 -107 -122 -121 90 127 107 -81 90 -120 117
-121 -116 -84 -89 -90 -107 -79 -104 -35 -65 -41 -62 -45 0 -100 -109
-74 -78 -48 -93 -66 -99 -48 -56 -61 -92 -77 -102 -75 -106 -113 99
-124 -119 -71 -113 -93 85 51 107 -124 -122 -92 127 -89 -97 -81 -115
-40 -61 -33 -45 -18 -33 -13 -41 -30 -52 -24 -45 -24 -43 -16 -38
-21 -42 -18 -51 -49 -83 -107 -55 -41 -56 -26 -43 -48 -61 -81 -105
-61 -81 -74 -93 -21 -39 -38 -66 -45 -65 -41 -65 -39 -36 -15 -41
-27 -50 -20 -46 -29 -40 -20 -68 -73 -107 -54 -67 -48 -84 -65 -55
-36 -63 -35 -49 -40 -48 -55 -125 -86 -69 -27 -59 -45 -62 -30 -55
-51 -72 -50 -79 -35 -46 -30 -72 -52 -59 -38 -58 -44 -47 -43 -115
-84 110 -81 -89 -76 -100 -43 -68 -64 -77 -43 -51 -52 -82 -56 -109
-94 -75 -53 -89 -58 -69 -46 -92 -60 -87 -67 -88 -32 -58 -43 -52
-58 -61 -26 -45 -35 -59 -48 0 0 0 85 90 -89 -126 -81 -83
-53 -92 -63 -112 -86 -111 -71 -108 -102 -117 -58 -97 -76 -85 -40 -82
-78 -95 -90 -120 -40 -72 -41 -59 -57 -66 -28 -61 -48 51 117 0
0 0 0 0 -116 51 -121 -102 -68 -101 -88 0 90 0 -100 85
110 0 -82 90 -84 -102 -77 99 -114 -90 -77 -99 -79 95 -64 -114
-52 -58 -39 -109 -83 0 112 0 0 0 0 0 0 0 110 0
107 0 -96 0 -108 95 -84 0 0 0 116 0 122 114 -86 0
0 0 0 0 -77 110 -60 85 -51 -73 -87 0 99 0 0 0
0 0 0 0 0 0 0 0 -115 0 112 0 0 0 -122 0
0 0 0 0 0 0 -117 0 0 0 0 112 -70 78 -93 0
-87 -128 -82 0 0 0 0 0 0 0 0 0 0 0 0 0
95 0 105 0 0 0 105 0 0 0 0 0 0 0 95 0
0 0 0 0 0 0 119 0 -92 78 0 0 0 0 0 0
0 0 0 0 0 0 0 0 0 0 90 0 0 68 117 0
0 0 0 0 0 0 -108 0 0 0 0 0 0 0 0 0
116 0 0 0 0 0 0 0 0 0 0 0 0 0 0 0
0 0 0 0 0 0 0 0 0 0 51 0 0 0 99 0
0 0 0 0 0 0 0 0 0 0 0 0 0 0 0 0
0 0 0 0 0 0 0 0 0 0 0 0 99 0 0 0
0 0 0 0 0 0 78 0 0 0 0 0 0 0 0 0
0 0 0 0 0 0 0 0 0 0 0 0 0 0 0 0
0 0 0 0 0 0 0 0 0 0 0 0 0 0 0 0
0 0 0 0 0 0 0 0 0 0 0 0 0 0 0 0
0 0 0 0 0 0 0 0 0 0 0 0 0 0 0 0
0 0 0 0 0 0 0 0 0 0 0 0 0 0 0 0
0 0 0 0 0 0 0 0 0 0 0 0 0 0 0 0
0 0 0 0 0 0 0 0 0 0 0 0 0 0 0 0
0 0 0 0 0 0 0 0 0 0 0 0 0 0 0 0
0 0 0 0 0 0 0 0 0 0 0 0 0 0 0 0
0 0 0 0 0 0 0 0 0 0 0 0 0 0 0 0
0 0 0 0 0 0 0 0 0 0 0 0 0 0 0 0
0 0 0 0 0 0 0 0 0 0 0 0 0 0 0 0
0 0 0 0 0 0 0 0 0 0 0 0 0 0 0 0
0 0 0 0 0 0 0 0 0 0 0 0 0 0 0 0
0 0 0 0 0 0 0 0 0 0 0 0 0 0 0 0
0 0 0 0 0 0 0 0 0 0 0 0 0 0 0 0
0 0 0 0 0 0 0 0 0 0 0 0 0 0 0 0
0 0 0 0 0 0 0 0 0 0 0 0 0 0 0 0
0 0 0 0 0 0 0 0 0 0 0 0 0 0 0 0
0 0 0 0 0 0 0 0 0 0 0 0 0 0 0 0
0 0 0 0 0 0 0 0 0 0 0 0 0 0 0 0
0 0 0 0 0 0 0 0 0 0 0 0 0 0 0 0
0 0 0 0 0 0 0 0 0 0 0 0 0 0 0 0
0 0 0 0 0 0 0 0 0 0 0 0 0 0 0 0
0 0 0 0 0 0 0 0
Command: no, Score: 138, Is New: false
Loop completed
Current time: 600
Count is: 2. Using yes.
Input Data:
-12 -30 -11 -33 -22 -43 -28 -48 -62 110 95 116 102 0 -119 -95
-73 -83 -119 116 -123 -99 -105 -100 -128 110 -128 0 68 78 78 90
68 68 78 102 95 78 95 78 -46 -68 -47 -73 -52 -68 -55 -65
-90 119 90 107 110 107 -81 -99 -77 -88 -74 -111 -104 -92 -85 -91
-120 -113 122 68 0 78 90 90 110 90 102 99 90 68 78 68
-33 -70 -77 123 -74 110 -60 -85 -97 110 102 95 90 99 -96 -122
125 -120 -103 -104 -92 -122 -92 -105 -115 -120 99 90 90 90 78 78
102 119 102 90 110 90 68 51 -79 -81 -45 -84 -73 0 95 68
-127 102 68 85 114 105 110 85 102 95 -116 51 85 51 95 90
-113 116 90 78 78 51 107 85 68 0 68 51 90 51 68 0
-92 117 -63 120 -100 0 -118 51 90 0 51 0 51 85 0 0
51 0 0 0 0 0 114 0 85 78 90 51 0 0 51 85
99 85 107 68 90 85 78 0 51 0 110 0 68 0 0 0
51 0 51 0 0 0 68 90 107 0 68 0 0 0 68 0
51 68 0 78 68 0 51 0 78 68 90 68 78 51 51 0
0 0 0 0 0 0 0 0 0 0 90 0 0 0 0 0
51 0 0 0 0 0 0 0 0 0 0 0 51 68 0 0
78 0 78 0 78 0 51 0 0 0 0 0 0 0 0 0
0 0 51 0 51 0 0 0 0 0 0 0 0 0 0 0
0 0 0 0 0 0 0 0 51 0 51 0 51 0 0 0
0 0 0 0 0 0 0 0 0 0 0 0 0 0 0 0
0 0 0 0 0 0 0 0 51 0 0 0 0 51 78 0
0 51 51 0 0 0 78 0 -43 -86 -64 -76 -60 -68 -83 -125
-83 116 -119 105 -97 127 0 0 0 0 127 -92 -91 -95 -86 -92
-71 -59 -61 -89 -122 -118 -97 -122 -120 105 51 0 99 0 51 0
-28 -41 -27 -38 -19 -41 -28 -46 -19 -34 -17 -45 -48 -45 -22 -38
-36 -47 -31 -37 -21 -34 -11 -31 -11 -32 -13 -33 -15 -38 -19 -32
-22 -43 -35 -63 -59 -92 -99 -128 -29 -68 -24 -60 -36 -36 -16 -37
-22 -43 -22 -45 -25 -38 -23 -43 -17 -41 -28 -49 -27 -50 -32 -48
-30 -49 -24 -46 -31 -48 -26 -57 -29 -50 -46 -51 -38 -82 -78 -115
-21 -48 -36 -50 -31 -53 -23 -53 -31 -89 -51 -57 -48 -66 -35 -52
-33 -49 -31 -68 -31 -59 -41 -68 -57 -73 -31 -61 -32 -56 -40 -78
-48 -68 -41 -54 -42 -73 -80 -116 -58 -106 -45 -62 -53 120 -81 -68
-52 -67 -37 -64 -33 -54 -40 -70 -53 -71 -46 -74 -42 -73 -52 -86
-52 125 -72 -69 -50 -71 -58 -74 -46 -95 -54 -58 -38 -83 -111 120
-68 -73 -51 -88 -56 -86 -46 -79 -69 -66 -47 -63 -63 -90 -46 -94
-81 119 -82 -109 -74 -95 -75 -122 -80 -113 -69 -91 -70 -107 -71 -115
-64 -75 -54 123 -86 -113 -112 78 -107 0 -48 -74 -86 78 -86 0
117 51 -100 99 -61 -86 -56 -126 -104 68 -81 -115 -83 -122 -62 -124
-67 -92 -58 -122 -83 117 -85 -107 -73 -75 -71 99 -103 117 125 0
-90 0 -83 117 -112 0 117 102 -68 120 -63 -90 -59 68 -93 119
-87 99 -122 0 -94 0 -92 68 -85 116 126 0 120 68 68 0
105 0 -97 95 -106 51 90 85 0 0 -125 0 105 0 -111 51
-86 51 120 0 107 0 -111 85 -96 0 85 0 0 51 -107 0
78 0 0 0 0 0 0 0 90 0 112 0 78 102 122 0
0 0 0 0 105 0 0 0 0 0 0 0 0 0 112 0
-92 120 -113 0 0 0 0 0 51 0 90 0 78 0 0 0
0 0 110 0 -117 0 112 51 0 0 0 0 0 0 0 0
0 0 0 0 102 0 0 0 0 0 0 0 0 0 0 0
0 0 0 0 0 0 0 0 0 0 107 0 0 0 0 0
0 0 0 0 0 0 0 0 0 0 0 0 0 0 0 0
0 0 0 0 0 0 0 0 0 0 0 0 0 0 0 0
0 0 78 0 51 0 0 0 0 0 0 0 0 0 0 0
0 0 0 0 0 0 0 0 0 0 0 0 0 0 0 0
0 0 0 0 0 0 0 0 0 0 51 0 0 0 0 0
0 0 0 0 0 0 0 0 0 0 0 0 0 0 0 0
0 0 0 0 0 0 0 0 0 0 0 0 0 0 0 0
0 0 0 0 0 0 0 0 127 110 -123 0 -89 0 0 0
0 0 0 0 0 0 0 0 0 0 0 0 0 0 -124 0
-66 -62 -54 0 -59 -69 -95 0 0 0 0 0 0 0 0 0
-42 -43 -33 -53 -38 -67 -56 122 78 0 0 0 0 0 0 0
0 0 0 0 -65 -46 -25 -59 -30 -39 -18 -40 -20 -49 -57 0
0 0 0 0 107 122 -101 -96 -42 -41 -20 -54 -21 -53 -31 -65
-53 -68 -57 -62 -44 127 51 0 -82 -68 -37 -60 -28 -35 -16 -49
-21 -36 -15 -37 -19 -49 -44 -114 95 0 -117 78 -94 -79 -59 -73
-45 -57 -21 -48 -18 -41 -29 -49 -45 -55 -32 -43 -30 -64 -43 -86
-33 -51 -22 -35 -11 -31 -14 -36 -11 -35 -17 -35 -18 -43 -30 -76
-97 112 -80 -97 -48 -54 -43 -65 -51 -65 -31 -59 -18 -37 -32 -55
-29 -56 -35 -55 -31 -53 -44 -61 -27 -46 -28 -46 -17 -40 -30 -44
-23 -51 -31 -56 -27 -49 -34 -105 -109 119 -77 -71 -26 -38 -33 -64
-54 -120 -51 -79 -33 -52 -28 -41 -24 -47 -35 -67 -35 -51 -47 -56
-30 -47 -27 -51 -21 -64 -47 -58 -28 -66 -50 -71 -49 -69 -42 -81
-79 -72 -36 -61 -42 -49 -26 -72 -51 -97 -48 -72 -67 -87 -32 -43
-37 -57 -27 -53 -40 -51 -34 -52 -32 -50 -25 -48 -25 -80 -59 -72
-40 -63 -45 -117 -44 -61 -25 -92 -90 -61 -39 -74 -48 -66 -39 -77
-51 68 -74 119 -61 -88 -74 -120 -52 -77 -63 -98 -74 -116 -68 -102
-59 -87 -66 99 -72 0 125 0 -125 0 99 68 -77 85 -66 -72
-43 -53 -33 -54 -44 -66 -47 -118 -78 0 -97 51 -128 51 105 0
-117 51 -77 125 -71 114 -85 -128 -81 -124 -75 -82 -101 0 0 0
90 0 125 0 -80 -68 -29 -39 -12 -41 -22 -35 -17 -64 -32 -46
0 0 -122 0 51 0 105 0 105 0 -113 90 -64 119 -81 -109
-115 51 -72 110 85 0 0 0 0 0 0 0 -105 -117 -55 -53
-24 -53 -30 -48 -20 -50 -26 -44 0 0 0 0 0 0 0 0
0 0 0 0 -87 0 119 0 78 0 0 0 0 0 0 0
0 0 68 0 0 -123 -56 -76 -36 -59 -28 -55 -35 -72 -43 -63
110 0 0 0 0 0 0 0 0 0 78 0 -92 0 0 0
0 0 107 0 0 0 0 0 0 0 0 0 0 0 -106 -92
-54 -74 -32 -59 -45 -77 -44 -63 -122 0 0 0 0 0 0 0
0 0 85 0 -106 0 85 0 95 0 0 0 0 0 0 0
0 0 0 0 0 0 102 90 -63 -96 -53 -92 -56 -78 -51 -82
116 0 0 0 0 0 0 0 0 0 120 114 123 0 114 0
-111 68 0 0 0 0 0 0 0 0 0 0 0 0 102 68
-57 -86 -61 -76 -48 -80 -56 -92 0 0 0 0 0 0 0 0
0 0 0 0 110 0 0 0 0 0 0 0 0 0 0 0
0 0 0 0 0 0 -114 102 -84 110 -70 -89 -71 -109 -67 -102
0 0 0 0 0 0 0 0 0 0 0 0 0 0 0 0
0 0 0 0 0 0 0 0 0 0 0 0 0 0 0 0
-79 0 -98 -120 -59 -101 -67 -90 0 0 0 0 0 0 0 0
0 0 0 0 0 0 0 0 0 0 0 0 0 0 0 0
0 0 0 0 0 0 85 0 -101 90 -81 117 -81 -118 -54 -91
0 0 0 0 0 0 0 0 0 0 0 0 0 0 0 0
0 0 0 0 0 0 0 0 0 0 0 0 0 0 0 0
51 0 -117 0 120 68 51 123 0 0 0 0 0 0 0 0
0 0 0 0 0 0 0 0 0 0 0 0 0 0 0 0
0 0 0 0 0 0 0 0 0 0 119 0 78 0 0 0
0 0 0 0 0 0 0 0 0 0 0 0 0 0 0 0
0 0 0 0 0 0 0 0 0 0 0 0 0 0 0 0
0 0 0 0 0 0 0 0 0 0 0 0 0 0 0 0
0 0 0 0 0 0 0 0 0 0 0 0 0 0 0 0
0 0 0 0 0 0 0 0 0 0 0 0 0 0 0 0
0 0 0 0 0 0 0 0 0 0 0 0 0 0 0 0
0 0 0 0 0 0 0 0 0 0 0 0 0 0 0 0
0 0 0 0 0 0 0 0 0 0 0 0 0 0 0 0
0 0 0 0 0 0 0 0 0 0 0 0 0 0 0 0
0 0 0 0 0 0 0 0 0 0 0 0 0 0 0 0
0 0 0 0 0 0 0 0 0 0 0 0 0 0 0 0
0 0 0 0 0 0 0 0 0 0 0 0 0 0 0 0
0 0 0 0 0 0 0 0 0 0 0 0 0 0 0 0
0 0 0 0 0 0 0 0 0 0 0 0 0 0 0 0
0 0 0 0 0 0 0 0 0 0 0 0 0 0 0 0
0 0 0 0 0 0 0 0 0 0 0 0 0 0 0 0
0 0 0 0 0 0 0 0 0 0 0 0 0 0 0 0
0 0 0 0 0 0 0 0
Command: yes, Score: 127, Is New: false
Loop completed
Current time: 700
Count is: 1. Using no.
Input Data:
-26 -51 -65 -53 -54 -75 -76 -62 -51 -69 -73 -59 -53 -58 -60 -70
-54 -97 -105 126 110 -118 -115 -114 -119 -108 -123 120 110 126 117 110
117 116 -119 -122 95 116 123 110 -72 -112 -73 -67 -59 -84 -68 -92
-62 -77 -81 -82 -74 -83 -72 -82 -56 -111 -102 -108 -109 -121 -113 122
127 -118 116 99 122 105 110 125 127 -123 -125 123 116 119 127 114
-63 -80 -71 -86 -81 -110 -90 -89 -71 -71 -71 -73 -61 -71 -80 -78
-59 -101 -119 -112 -92 -124 -103 -124 -118 -119 -122 95 120 116 -125 122
99 120 120 110 116 110 126 127 -128 -97 -69 119 -78 -69 -59 -89
-57 -72 -76 -91 -62 -80 -112 -122 -69 -120 -114 -122 -111 -124 -111 105
119 123 125 116 125 102 -127 -118 -126 99 99 90 120 123 -122 95
-62 -84 -69 123 -65 -77 -61 -74 -55 -119 -89 -114 -71 -95 -69 -110
-89 -104 -102 107 -104 112 -122 -112 117 116 105 85 105 105 99 90
123 112 112 68 107 105 117 99 116 -113 -117 90 -102 -114 -68 -84
-78 -121 -81 -107 -79 110 -83 -96 -87 -94 -83 119 -124 110 85 85
117 -127 117 112 117 51 112 95 -117 102 105 90 -128 119 112 99
-86 -88 -61 -104 -82 -83 -76 0 -99 -126 -87 -107 -107 123 -86 -126
-86 -123 -97 102 -122 90 85 105 126 119 -126 90 78 68 127 120
95 51 122 110 112 78 116 95 -76 -121 -77 -110 -77 -94 -59 -103
-84 -121 -102 0 -107 95 -111 114 -90 0 114 110 -111 107 114 90
-120 68 95 95 95 85 116 99 116 0 95 68 102 51 102 78
-71 -99 -118 -98 -76 117 -83 -114 -111 117 -87 -126 -97 99 -118 123
-87 90 78 0 123 85 107 51 114 102 95 0 116 85 119 95
95 68 85 51 116 68 102 78 -89 105 -92 -93 -78 126 -92 -102
-102 51 -79 120 -100 85 -122 -117 -88 90 -95 102 114 116 122 95
112 102 107 51 114 85 119 78 114 90 102 51 102 51 114 99
-79 68 -104 102 -72 -90 -77 -127 -79 -127 -76 110 -98 105 -117 0
-111 85 -108 102 117 102 116 0 78 68 90 51 107 85 78 0
51 0 51 0 95 51 107 68 -76 117 90 0 -118 0 -69 -110
119 -116 -92 90 -120 0 -125 51 -97 99 -115 -118 116 51 90 51
90 68 105 0 85 78 112 51 122 95 -128 68 85 0 112 68
-109 126 -78 -110 -85 -126 -66 -109 -68 123 -86 78 -124 0 -126 125
-97 95 102 0 110 0 95 85 120 68 78 51 99 51 105 0
112 102 105 68 90 51 90 0 127 95 -90 -81 -69 -123 -121 0
-85 -117 -124 -128 -116 51 126 107 -95 0 95 51 119 0 114 0
95 110 116 51 112 0 90 0 116 51 68 0 105 68 105 0
-92 78 -83 0 -62 -90 -111 114 116 51 107 122 -105 0 -100 102
-108 51 122 95 -127 0 85 0 127 78 90 0 78 0 95 0
110 0 68 119 120 68 68 0 122 99 -109 127 -56 -89 85 114
-95 85 -95 125 -113 99 -100 85 -109 68 99 0 107 102 -124 51
112 68 95 78 99 0 68 0 51 0 90 78 -128 51 95 0
-90 -120 -82 -118 -67 -112 -126 -127 -118 -122 -124 120 -122 0 51 78
-109 51 51 0 51 0 78 0 68 68 95 78 90 0 0 0
68 0 90 68 110 0 95 51 -91 -105 -99 0 0 0 112 0
112 95 -107 107 119 68 126 68 -118 0 78 0 78 0 99 51
112 0 102 0 78 51 85 0 0 0 78 0 95 0 95 78
105 0 -104 0 0 51 -124 105 -97 0 -127 102 114 0 -118 51
123 0 -127 78 119 51 51 51 105 0 78 85 95 0 85 0
0 0 85 0 78 0 0 0 -84 -114 -115 0 -119 0 -108 -128
-99 120 -110 120 120 0 95 78 -115 68 68 0 68 0 90 0
85 0 107 0 78 0 85 51 102 0 68 78 68 0 51 0
125 0 -115 51 102 -118 -81 51 120 51 -83 85 116 -115 -92 68
-106 123 -123 51 114 0 117 68 -106 51 116 68 78 0 68 0
68 0 85 0 78 0 51 78 -101 90 -95 0 -124 99 123 78
107 0 -122 90 95 0 78 0 -94 -113 85 0 107 78 125 90
90 51 51 0 85 0 0 0 -124 102 102 -102 -128 0 99 68
-94 102 -105 0 99 51 -109 -115 -100 0 112 120 -98 127 -111 -117
-69 -85 -121 -118 -110 0 95 68 127 0 85 0 105 0 0 0
-69 -86 -94 -68 -91 51 51 78 -13 -41 -31 -60 -51 -75 -51 -88
-80 -122 -99 110 126 114 -123 -117 -63 -93 -97 116 -96 126 122 127
-85 99 114 68 123 85 90 0 -99 -110 -90 -77 -120 0 116 90
-14 -37 -16 -52 -40 -92 -68 -85 -80 -92 -102 -98 -66 -99 -66 -115
-74 -79 -87 -128 -84 -111 105 -127 -99 90 78 51 119 68 -119 68
116 78 -115 -124 -105 122 -100 -116 -22 -50 -27 -55 -40 -82 -65 -112
-94 85 122 -99 -62 -89 -52 -107 -76 -90 -90 -117 122 -123 -100 126
-111 85 -128 0 99 51 -111 0 126 51 -90 -94 -90 -94 -79 -99
-28 -58 -35 -59 -42 -79 -83 -90 -83 -117 -71 -65 -54 -93 -51 -84
-50 -67 -121 68 -90 -122 -107 -122 -121 90 127 107 -81 90 -120 117
-121 -116 -84 -89 -90 -107 -79 -104 -35 -65 -41 -62 -45 0 -100 -109
-74 -78 -48 -93 -66 -99 -48 -56 -61 -92 -77 -102 -75 -106 -113 99
-124 -119 -71 -113 -93 85 51 107 -124 -122 -92 127 -89 -97 -81 -115
-40 -61 -33 -45 -18 -33 -13 -41 -30 -52 -24 -45 -24 -43 -16 -38
-21 -42 -18 -51 -49 -83 -107 -55 -41 -56 -26 -43 -48 -61 -81 -105
-61 -81 -74 -93 -21 -39 -38 -66 -45 -65 -41 -65 -39 -36 -15 -41
-27 -50 -20 -46 -29 -40 -20 -68 -73 -107 -54 -67 -48 -84 -65 -55
-36 -63 -35 -49 -40 -48 -55 -125 -86 -69 -27 -59 -45 -62 -30 -55
-51 -72 -50 -79 -35 -46 -30 -72 -52 -59 -38 -58 -44 -47 -43 -115
-84 110 -81 -89 -76 -100 -43 -68 -64 -77 -43 -51 -52 -82 -56 -109
-94 -75 -53 -89 -58 -69 -46 -92 -60 -87 -67 -88 -32 -58 -43 -52
-58 -61 -26 -45 -35 -59 -48 0 0 0 85 90 -89 -126 -81 -83
-53 -92 -63 -112 -86 -111 -71 -108 -102 -117 -58 -97 -76 -85 -40 -82
-78 -95 -90 -120 -40 -72 -41 -59 -57 -66 -28 -61 -48 51 117 0
0 0 0 0 -116 51 -121 -102 -68 -101 -88 0 90 0 -100 85
110 0 -82 90 -84 -102 -77 99 -114 -90 -77 -99 -79 95 -64 -114
-52 -58 -39 -109 -83 0 112 0 0 0 0 0 0 0 110 0
107 0 -96 0 -108 95 -84 0 0 0 116 0 122 114 -86 0
0 0 0 0 -77 110 -60 85 -51 -73 -87 0 99 0 0 0
0 0 0 0 0 0 0 0 -115 0 112 0 0 0 -122 0
0 0 0 0 0 0 -117 0 0 0 0 112 -70 78 -93 0
-87 -128 -82 0 0 0 0 0 0 0 0 0 0 0 0 0
95 0 105 0 0 0 105 0 0 0 0 0 0 0 95 0
0 0 0 0 0 0 119 0 -92 78 0 0 0 0 0 0
0 0 0 0 0 0 0 0 0 0 90 0 0 68 117 0
0 0 0 0 0 0 -108 0 0 0 0 0 0 0 0 0
116 0 0 0 0 0 0 0 0 0 0 0 0 0 0 0
0 0 0 0 0 0 0 0 0 0 51 0 0 0 99 0
0 0 0 0 0 0 0 0 0 0 0 0 0 0 0 0
0 0 0 0 0 0 0 0 0 0 0 0 99 0 0 0
0 0 0 0 0 0 78 0 0 0 0 0 0 0 0 0
0 0 0 0 0 0 0 0 0 0 0 0 0 0 0 0
0 0 0 0 0 0 0 0 0 0 0 0 0 0 0 0
0 0 0 0 0 0 0 0 0 0 0 0 0 0 0 0
0 0 0 0 0 0 0 0 0 0 0 0 0 0 0 0
0 0 0 0 0 0 0 0 0 0 0 0 0 0 0 0
0 0 0 0 0 0 0 0 0 0 0 0 0 0 0 0
0 0 0 0 0 0 0 0 0 0 0 0 0 0 0 0
0 0 0 0 0 0 0 0 0 0 0 0 0 0 0 0
0 0 0 0 0 0 0 0 0 0 0 0 0 0 0 0
0 0 0 0 0 0 0 0 0 0 0 0 0 0 0 0
0 0 0 0 0 0 0 0 0 0 0 0 0 0 0 0
0 0 0 0 0 0 0 0 0 0 0 0 0 0 0 0
0 0 0 0 0 0 0 0 0 0 0 0 0 0 0 0
0 0 0 0 0 0 0 0 0 0 0 0 0 0 0 0
0 0 0 0 0 0 0 0 0 0 0 0 0 0 0 0
0 0 0 0 0 0 0 0 0 0 0 0 0 0 0 0
0 0 0 0 0 0 0 0 0 0 0 0 0 0 0 0
0 0 0 0 0 0 0 0 0 0 0 0 0 0 0 0
0 0 0 0 0 0 0 0 0 0 0 0 0 0 0 0
0 0 0 0 0 0 0 0 0 0 0 0 0 0 0 0
0 0 0 0 0 0 0 0 0 0 0 0 0 0 0 0
0 0 0 0 0 0 0 0 0 0 0 0 0 0 0 0
0 0 0 0 0 0 0 0 0 0 0 0 0 0 0 0
0 0 0 0 0 0 0 0 0 0 0 0 0 0 0 0
0 0 0 0 0 0 0 0
Command: no, Score: 131, Is New: false
Loop completed
Current time: 800
Count is: 2. Using yes.
Input Data:
-12 -30 -11 -33 -22 -43 -28 -48 -62 110 95 116 102 0 -119 -95
-73 -83 -119 116 -123 -99 -105 -100 -128 110 -128 0 68 78 78 90
68 68 78 102 95 78 95 78 -46 -68 -47 -73 -52 -68 -55 -65
-90 119 90 107 110 107 -81 -99 -77 -88 -74 -111 -104 -92 -85 -91
-120 -113 122 68 0 78 90 90 110 90 102 99 90 68 78 68
-33 -70 -77 123 -74 110 -60 -85 -97 110 102 95 90 99 -96 -122
125 -120 -103 -104 -92 -122 -92 -105 -115 -120 99 90 90 90 78 78
102 119 102 90 110 90 68 51 -79 -81 -45 -84 -73 0 95 68
-127 102 68 85 114 105 110 85 102 95 -116 51 85 51 95 90
-113 116 90 78 78 51 107 85 68 0 68 51 90 51 68 0
-92 117 -63 120 -100 0 -118 51 90 0 51 0 51 85 0 0
51 0 0 0 0 0 114 0 85 78 90 51 0 0 51 85
99 85 107 68 90 85 78 0 51 0 110 0 68 0 0 0
51 0 51 0 0 0 68 90 107 0 68 0 0 0 68 0
51 68 0 78 68 0 51 0 78 68 90 68 78 51 51 0
0 0 0 0 0 0 0 0 0 0 90 0 0 0 0 0
51 0 0 0 0 0 0 0 0 0 0 0 51 68 0 0
78 0 78 0 78 0 51 0 0 0 0 0 0 0 0 0
0 0 51 0 51 0 0 0 0 0 0 0 0 0 0 0
0 0 0 0 0 0 0 0 51 0 51 0 51 0 0 0
0 0 0 0 0 0 0 0 0 0 0 0 0 0 0 0
0 0 0 0 0 0 0 0 51 0 0 0 0 51 78 0
0 51 51 0 0 0 78 0 -43 -86 -64 -76 -60 -68 -83 -125
-83 116 -119 105 -97 127 0 0 0 0 127 -92 -91 -95 -86 -92
-71 -59 -61 -89 -122 -118 -97 -122 -120 105 51 0 99 0 51 0
-28 -41 -27 -38 -19 -41 -28 -46 -19 -34 -17 -45 -48 -45 -22 -38
-36 -47 -31 -37 -21 -34 -11 -31 -11 -32 -13 -33 -15 -38 -19 -32
-22 -43 -35 -63 -59 -92 -99 -128 -29 -68 -24 -60 -36 -36 -16 -37
-22 -43 -22 -45 -25 -38 -23 -43 -17 -41 -28 -49 -27 -50 -32 -48
-30 -49 -24 -46 -31 -48 -26 -57 -29 -50 -46 -51 -38 -82 -78 -115
-21 -48 -36 -50 -31 -53 -23 -53 -31 -89 -51 -57 -48 -66 -35 -52
-33 -49 -31 -68 -31 -59 -41 -68 -57 -73 -31 -61 -32 -56 -40 -78
-48 -68 -41 -54 -42 -73 -80 -116 -58 -106 -45 -62 -53 120 -81 -68
-52 -67 -37 -64 -33 -54 -40 -70 -53 -71 -46 -74 -42 -73 -52 -86
-52 125 -72 -69 -50 -71 -58 -74 -46 -95 -54 -58 -38 -83 -111 120
-68 -73 -51 -88 -56 -86 -46 -79 -69 -66 -47 -63 -63 -90 -46 -94
-81 119 -82 -109 -74 -95 -75 -122 -80 -113 -69 -91 -70 -107 -71 -115
-64 -75 -54 123 -86 -113 -112 78 -107 0 -48 -74 -86 78 -86 0
117 51 -100 99 -61 -86 -56 -126 -104 68 -81 -115 -83 -122 -62 -124
-67 -92 -58 -122 -83 117 -85 -107 -73 -75 -71 99 -103 117 125 0
-90 0 -83 117 -112 0 117 102 -68 120 -63 -90 -59 68 -93 119
-87 99 -122 0 -94 0 -92 68 -85 116 126 0 120 68 68 0
105 0 -97 95 -106 51 90 85 0 0 -125 0 105 0 -111 51
-86 51 120 0 107 0 -111 85 -96 0 85 0 0 51 -107 0
78 0 0 0 0 0 0 0 90 0 112 0 78 102 122 0
0 0 0 0 105 0 0 0 0 0 0 0 0 0 112 0
-92 120 -113 0 0 0 0 0 51 0 90 0 78 0 0 0
0 0 110 0 -117 0 112 51 0 0 0 0 0 0 0 0
0 0 0 0 102 0 0 0 0 0 0 0 0 0 0 0
0 0 0 0 0 0 0 0 0 0 107 0 0 0 0 0
0 0 0 0 0 0 0 0 0 0 0 0 0 0 0 0
0 0 0 0 0 0 0 0 0 0 0 0 0 0 0 0
0 0 78 0 51 0 0 0 0 0 0 0 0 0 0 0
0 0 0 0 0 0 0 0 0 0 0 0 0 0 0 0
0 0 0 0 0 0 0 0 0 0 51 0 0 0 0 0
0 0 0 0 0 0 0 0 0 0 0 0 0 0 0 0
0 0 0 0 0 0 0 0 0 0 0 0 0 0 0 0
0 0 0 0 0 0 0 0 127 110 -123 0 -89 0 0 0
0 0 0 0 0 0 0 0 0 0 0 0 0 0 -124 0
-66 -62 -54 0 -59 -69 -95 0 0 0 0 0 0 0 0 0
-42 -43 -33 -53 -38 -67 -56 122 78 0 0 0 0 0 0 0
0 0 0 0 -65 -46 -25 -59 -30 -39 -18 -40 -20 -49 -57 0
0 0 0 0 107 122 -101 -96 -42 -41 -20 -54 -21 -53 -31 -65
-53 -68 -57 -62 -44 127 51 0 -82 -68 -37 -60 -28 -35 -16 -49
-21 -36 -15 -37 -19 -49 -44 -114 95 0 -117 78 -94 -79 -59 -73
-45 -57 -21 -48 -18 -41 -29 -49 -45 -55 -32 -43 -30 -64 -43 -86
-33 -51 -22 -35 -11 -31 -14 -36 -11 -35 -17 -35 -18 -43 -30 -76
-97 112 -80 -97 -48 -54 -43 -65 -51 -65 -31 -59 -18 -37 -32 -55
-29 -56 -35 -55 -31 -53 -44 -61 -27 -46 -28 -46 -17 -40 -30 -44
-23 -51 -31 -56 -27 -49 -34 -105 -109 119 -77 -71 -26 -38 -33 -64
-54 -120 -51 -79 -33 -52 -28 -41 -24 -47 -35 -67 -35 -51 -47 -56
-30 -47 -27 -51 -21 -64 -47 -58 -28 -66 -50 -71 -49 -69 -42 -81
-79 -72 -36 -61 -42 -49 -26 -72 -51 -97 -48 -72 -67 -87 -32 -43
-37 -57 -27 -53 -40 -51 -34 -52 -32 -50 -25 -48 -25 -80 -59 -72
-40 -63 -45 -117 -44 -61 -25 -92 -90 -61 -39 -74 -48 -66 -39 -77
-51 68 -74 119 -61 -88 -74 -120 -52 -77 -63 -98 -74 -116 -68 -102
-59 -87 -66 99 -72 0 125 0 -125 0 99 68 -77 85 -66 -72
-43 -53 -33 -54 -44 -66 -47 -118 -78 0 -97 51 -128 51 105 0
-117 51 -77 125 -71 114 -85 -128 -81 -124 -75 -82 -101 0 0 0
90 0 125 0 -80 -68 -29 -39 -12 -41 -22 -35 -17 -64 -32 -46
0 0 -122 0 51 0 105 0 105 0 -113 90 -64 119 -81 -109
-115 51 -72 110 85 0 0 0 0 0 0 0 -105 -117 -55 -53
-24 -53 -30 -48 -20 -50 -26 -44 0 0 0 0 0 0 0 0
0 0 0 0 -87 0 119 0 78 0 0 0 0 0 0 0
0 0 68 0 0 -123 -56 -76 -36 -59 -28 -55 -35 -72 -43 -63
110 0 0 0 0 0 0 0 0 0 78 0 -92 0 0 0
0 0 107 0 0 0 0 0 0 0 0 0 0 0 -106 -92
-54 -74 -32 -59 -45 -77 -44 -63 -122 0 0 0 0 0 0 0
0 0 85 0 -106 0 85 0 95 0 0 0 0 0 0 0
0 0 0 0 0 0 102 90 -63 -96 -53 -92 -56 -78 -51 -82
116 0 0 0 0 0 0 0 0 0 120 114 123 0 114 0
-111 68 0 0 0 0 0 0 0 0 0 0 0 0 102 68
-57 -86 -61 -76 -48 -80 -56 -92 0 0 0 0 0 0 0 0
0 0 0 0 110 0 0 0 0 0 0 0 0 0 0 0
0 0 0 0 0 0 -114 102 -84 110 -70 -89 -71 -109 -67 -102
0 0 0 0 0 0 0 0 0 0 0 0 0 0 0 0
0 0 0 0 0 0 0 0 0 0 0 0 0 0 0 0
-79 0 -98 -120 -59 -101 -67 -90 0 0 0 0 0 0 0 0
0 0 0 0 0 0 0 0 0 0 0 0 0 0 0 0
0 0 0 0 0 0 85 0 -101 90 -81 117 -81 -118 -54 -91
0 0 0 0 0 0 0 0 0 0 0 0 0 0 0 0
0 0 0 0 0 0 0 0 0 0 0 0 0 0 0 0
51 0 -117 0 120 68 51 123 0 0 0 0 0 0 0 0
0 0 0 0 0 0 0 0 0 0 0 0 0 0 0 0
0 0 0 0 0 0 0 0 0 0 119 0 78 0 0 0
0 0 0 0 0 0 0 0 0 0 0 0 0 0 0 0
0 0 0 0 0 0 0 0 0 0 0 0 0 0 0 0
0 0 0 0 0 0 0 0 0 0 0 0 0 0 0 0
0 0 0 0 0 0 0 0 0 0 0 0 0 0 0 0
0 0 0 0 0 0 0 0 0 0 0 0 0 0 0 0
0 0 0 0 0 0 0 0 0 0 0 0 0 0 0 0
0 0 0 0 0 0 0 0 0 0 0 0 0 0 0 0
0 0 0 0 0 0 0 0 0 0 0 0 0 0 0 0
0 0 0 0 0 0 0 0 0 0 0 0 0 0 0 0
0 0 0 0 0 0 0 0 0 0 0 0 0 0 0 0
0 0 0 0 0 0 0 0 0 0 0 0 0 0 0 0
0 0 0 0 0 0 0 0 0 0 0 0 0 0 0 0
0 0 0 0 0 0 0 0 0 0 0 0 0 0 0 0
0 0 0 0 0 0 0 0 0 0 0 0 0 0 0 0
0 0 0 0 0 0 0 0 0 0 0 0 0 0 0 0
0 0 0 0 0 0 0 0 0 0 0 0 0 0 0 0
0 0 0 0 0 0 0 0 0 0 0 0 0 0 0 0
0 0 0 0 0 0 0 0
Command: yes, Score: 127, Is New: false
Loop completed