Count is: 1. Using no.
Input Data:
-26 -51 -65 -53 -54 -75 -76 -62 -51 -69 -73 -59 -53 -58 -60 -70
-54 -97 -105 126 110 -118 -115 -114 -119 -108 -123 120 110 126 117 110
117 116 -119 -122 95 116 123 110 -72 -112 -73 -67 -59 -84 -68 -92
-62 -77 -81 -82 -74 -83 -72 -82 -56 -111 -102 -108 -109 -121 -113 122
127 -118 116 99 122 105 110 125 127 -123 -125 123 116 119 127 114
-63 -80 -71 -86 -81 -110 -90 -89 -71 -71 -71 -73 -61 -71 -80 -78
-59 -101 -119 -112 -92 -124 -103 -124 -118 -119 -122 95 120 116 -125 122
99 120 120 110 116 110 126 127 -128 -97 -69 119 -78 -69 -59 -89
-57 -72 -76 -91 -62 -80 -112 -122 -69 -120 -114 -122 -111 -124 -111 105
119 123 125 116 125 102 -127 -118 -126 99 99 90 120 123 -122 95
-62 -84 -69 123 -65 -77 -61 -74 -55 -119 -89 -114 -71 -95 -69 -110
-89 -104 -102 107 -104 112 -122 -112 117 116 105 85 105 105 99 90
123 112 112 68 107 105 117 99 116 -113 -117 90 -102 -114 -68 -84
-78 -121 -81 -107 -79 110 -83 -96 -87 -94 -83 119 -124 110 85 85
117 -127 117 112 117 51 112 95 -117 102 105 90 -128 119 112 99
-86 -88 -61 -104 -82 -83 -76 0 -99 -126 -87 -107 -107 123 -86 -126
-86 -123 -97 102 -122 90 85 105 126 119 -126 90 78 68 127 120
95 51 122 110 112 78 116 95 -76 -121 -77 -110 -77 -94 -59 -103
-84 -121 -102 0 -107 95 -111 114 -90 0 114 110 -111 107 114 90
-120 68 95 95 95 85 116 99 116 0 95 68 102 51 102 78
-71 -99 -118 -98 -76 117 -83 -114 -111 117 -87 -126 -97 99 -118 123
-87 90 78 0 123 85 107 51 114 102 95 0 116 85 119 95
95 68 85 51 116 68 102 78 -89 105 -92 -93 -78 126 -92 -102
-102 51 -79 120 -100 85 -122 -117 -88 90 -95 102 114 116 122 95
112 102 107 51 114 85 119 78 114 90 102 51 102 51 114 99
-79 68 -104 102 -72 -90 -77 -127 -79 -127 -76 110 -98 105 -117 0
-111 85 -108 102 117 102 116 0 78 68 90 51 107 85 78 0
51 0 51 0 95 51 107 68 -76 117 90 0 -118 0 -69 -110
119 -116 -92 90 -120 0 -125 51 -97 99 -115 -118 116 51 90 51
90 68 105 0 85 78 112 51 122 95 -128 68 85 0 112 68
-109 126 -78 -110 -85 -126 -66 -109 -68 123 -86 78 -124 0 -126 125
-97 95 102 0 110 0 95 85 120 68 78 51 99 51 105 0
112 102 105 68 90 51 90 0 127 95 -90 -81 -69 -123 -121 0
-85 -117 -124 -128 -116 51 126 107 -95 0 95 51 119 0 114 0
95 110 116 51 112 0 90 0 116 51 68 0 105 68 105 0
-92 78 -83 0 -62 -90 -111 114 116 51 107 122 -105 0 -100 102
-108 51 122 95 -127 0 85 0 127 78 90 0 78 0 95 0
110 0 68 119 120 68 68 0 122 99 -109 127 -56 -89 85 114
-95 85 -95 125 -113 99 -100 85 -109 68 99 0 107 102 -124 51
112 68 95 78 99 0 68 0 51 0 90 78 -128 51 95 0
-90 -120 -82 -118 -67 -112 -126 -127 -118 -122 -124 120 -122 0 51 78
-109 51 51 0 51 0 78 0 68 68 95 78 90 0 0 0
68 0 90 68 110 0 95 51 -91 -105 -99 0 0 0 112 0
112 95 -107 107 119 68 126 68 -118 0 78 0 78 0 99 51
112 0 102 0 78 51 85 0 0 0 78 0 95 0 95 78
105 0 -104 0 0 51 -124 105 -97 0 -127 102 114 0 -118 51
123 0 -127 78 119 51 51 51 105 0 78 85 95 0 85 0
0 0 85 0 78 0 0 0 -84 -114 -115 0 -119 0 -108 -128
-99 120 -110 120 120 0 95 78 -115 68 68 0 68 0 90 0
85 0 107 0 78 0 85 51 102 0 68 78 68 0 51 0
125 0 -115 51 102 -118 -81 51 120 51 -83 85 116 -115 -92 68
-106 123 -123 51 114 0 117 68 -106 51 116 68 78 0 68 0
68 0 85 0 78 0 51 78 -101 90 -95 0 -124 99 123 78
107 0 -122 90 95 0 78 0 -94 -113 85 0 107 78 125 90
90 51 51 0 85 0 0 0 -124 102 102 -102 -128 0 99 68
-94 102 -105 0 99 51 -109 -115 -100 0 112 120 -98 127 -111 -117
-69 -85 -121 -118 -110 0 95 68 127 0 85 0 105 0 0 0
-69 -86 -94 -68 -91 51 51 78 -13 -41 -31 -60 -51 -75 -51 -88
-80 -122 -99 110 126 114 -123 -117 -63 -93 -97 116 -96 126 122 127
-85 99 114 68 123 85 90 0 -99 -110 -90 -77 -120 0 116 90
-14 -37 -16 -52 -40 -92 -68 -85 -80 -92 -102 -98 -66 -99 -66 -115
-74 -79 -87 -128 -84 -111 105 -127 -99 90 78 51 119 68 -119 68
116 78 -115 -124 -105 122 -100 -116 -22 -50 -27 -55 -40 -82 -65 -112
-94 85 122 -99 -62 -89 -52 -107 -76 -90 -90 -117 122 -123 -100 126
-111 85 -128 0 99 51 -111 0 126 51 -90 -94 -90 -94 -79 -99
-28 -58 -35 -59 -42 -79 -83 -90 -83 -117 -71 -65 -54 -93 -51 -84
-50 -67 -121 68 -90 -122 -107 -122 -121 90 127 107 -81 90 -120 117
-121 -116 -84 -89 -90 -107 -79 -104 -35 -65 -41 -62 -45 0 -100 -109
-74 -78 -48 -93 -66 -99 -48 -56 -61 -92 -77 -102 -75 -106 -113 99
-124 -119 -71 -113 -93 85 51 107 -124 -122 -92 127 -89 -97 -81 -115
-40 -61 -33 -45 -18 -33 -13 -41 -30 -52 -24 -45 -24 -43 -16 -38
-21 -42 -18 -51 -49 -83 -107 -55 -41 -56 -26 -43 -48 -61 -81 -105
-61 -81 -74 -93 -21 -39 -38 -66 -45 -65 -41 -65 -39 -36 -15 -41
-27 -50 -20 -46 -29 -40 -20 -68 -73 -107 -54 -67 -48 -84 -65 -55
-36 -63 -35 -49 -40 -48 -55 -125 -86 -69 -27 -59 -45 -62 -30 -55
-51 -72 -50 -79 -35 -46 -30 -72 -52 -59 -38 -58 -44 -47 -43 -115
-84 110 -81 -89 -76 -100 -43 -68 -64 -77 -43 -51 -52 -82 -56 -109
-94 -75 -53 -89 -58 -69 -46 -92 -60 -87 -67 -88 -32 -58 -43 -52
-58 -61 -26 -45 -35 -59 -48 0 0 0 85 90 -89 -126 -81 -83
-53 -92 -63 -112 -86 -111 -71 -108 -102 -117 -58 -97 -76 -85 -40 -82
-78 -95 -90 -120 -40 -72 -41 -59 -57 -66 -28 -61 -48 51 117 0
0 0 0 0 -116 51 -121 -102 -68 -101 -88 0 90 0 -100 85
110 0 -82 90 -84 -102 -77 99 -114 -90 -77 -99 -79 95 -64 -114
-52 -58 -39 -109 -83 0 112 0 0 0 0 0 0 0 110 0
107 0 -96 0 -108 95 -84 0 0 0 116 0 122 114 -86 0
0 0 0 0 -77 110 -60 85 -51 -73 -87 0 99 0 0 0
0 0 0 0 0 0 0 0 -115 0 112 0 0 0 -122 0
0 0 0 0 0 0 -117 0 0 0 0 112 -70 78 -93 0
-87 -128 -82 0 0 0 0 0 0 0 0 0 0 0 0 0
95 0 105 0 0 0 105 0 0 0 0 0 0 0 95 0
0 0 0 0 0 0 119 0 -92 78 0 0 0 0 0 0
0 0 0 0 0 0 0 0 0 0 90 0 0 68 117 0
0 0 0 0 0 0 -108 0 0 0 0 0 0 0 0 0
116 0 0 0 0 0 0 0 0 0 0 0 0 0 0 0
0 0 0 0 0 0 0 0 0 0 51 0 0 0 99 0
0 0 0 0 0 0 0 0 0 0 0 0 0 0 0 0
0 0 0 0 0 0 0 0 0 0 0 0 99 0 0 0
0 0 0 0 0 0 78 0 0 0 0 0 0 0 0 0
0 0 0 0 0 0 0 0 0 0 0 0 0 0 0 0
0 0 0 0 0 0 0 0 0 0 0 0 0 0 0 0
0 0 0 0 0 0 0 0 0 0 0 0 0 0 0 0
0 0 0 0 0 0 0 0 0 0 0 0 0 0 0 0
0 0 0 0 0 0 0 0 0 0 0 0 0 0 0 0
0 0 0 0 0 0 0 0 0 0 0 0 0 0 0 0
0 0 0 0 0 0 0 0 0 0 0 0 0 0 0 0
0 0 0 0 0 0 0 0 0 0 0 0 0 0 0 0
0 0 0 0 0 0 0 0 0 0 0 0 0 0 0 0
0 0 0 0 0 0 0 0 0 0 0 0 0 0 0 0
0 0 0 0 0 0 0 0 0 0 0 0 0 0 0 0
0 0 0 0 0 0 0 0 0 0 0 0 0 0 0 0
0 0 0 0 0 0 0 0 0 0 0 0 0 0 0 0
0 0 0 0 0 0 0 0 0 0 0 0 0 0 0 0
0 0 0 0 0 0 0 0 0 0 0 0 0 0 0 0
0 0 0 0 0 0 0 0 0 0 0 0 0 0 0 0
0 0 0 0 0 0 0 0 0 0 0 0 0 0 0 0
0 0 0 0 0 0 0 0 0 0 0 0 0 0 0 0
0 0 0 0 0 0 0 0 0 0 0 0 0 0 0 0
0 0 0 0 0 0 0 0 0 0 0 0 0 0 0 0
0 0 0 0 0 0 0 0 0 0 0 0 0 0 0 0
0 0 0 0 0 0 0 0 0 0 0 0 0 0 0 0
0 0 0 0 0 0 0 0 0 0 0 0 0 0 0 0
0 0 0 0 0 0 0 0 0 0 0 0 0 0 0 0
0 0 0 0 0 0 0 0
